InternalClassType: Method
Coordinate3D: [15.950000000000001,-1.6500000000000001,0]
Origin: 766eb5c5-cadd-4c44-8eb3-b79f2fde54d7
RandomSeed: 419
UUID: ff1a6281-3f83-48a3-b1df-2d6a854aec89
