InternalClassType: Method
Coordinate3D: [9.4500000000000011,-1.6500000000000001,0]
Origin: 47f76f4f-0c81-4e08-ab1f-e65fcf45f0e8
RandomSeed: 420
UUID: 8fc16d73-1e94-498a-9a43-aac8be4bd2d1
