InternalClassType: Method
Coordinate3D: [26.400000000000002,-1.6500000000000001,0]
Origin: 4ebc3dce-ac4a-4d73-a020-cb6968f39ff4
RandomSeed: 416
UUID: b4f50a93-6ebb-4a16-bafa-1c701b728f3b
